[CloudHeader]
ox=0.2
oy=0.2
oz=0
dx=0.01497
dy=0.01497
dz=1
